99
3 -70 85 -47 -81 101 -41 39 119 -83 112 81 -8 -92 20 -36 -116 -35 34 -57 -122 65 108 79 -97 33 123 -71 -30 -68 -73 -107 -11 -37 -117 118 23 -28 22 -103 -82 -20 -123 91 -75 38 -83 41 -25 81 1 -90 0 108 113 -86 -18 87 94 0 59 -86 31 96 -93 112 74 -104 16 1 74 98 -18 -81 92 -32 29 -119 -110 40 96 -38 -30 -16 -93 -76 -11 -72 -23 35 -72 -128 71 91 70 117 -77 -126 86 
-114 8 96 -72 -108 32 -90 -17 -108 67 -7 -102 33 -29 -111 -82 112 -32 -112 33 -71 61 -52 34 -34 -99 81 102 -50 84 63 -66 -105 120 80 110 -96 -77 -84 121 16 63 78 99 -60 -31 -69 -106 -36 50 32 -24 87 29 -65 -128 -87 -41 -73 -123 -48 60 1 -43 -35 -33 -59 67 101 -96 -63 -124 -41 50 9 89 39 83 -60 18 -47 30 47 2 -90 70 -110 -5 87 -99 95 108 68 -86 71 55 112 -62 91 
-45 41 102 17 -35 84 69 78 -87 -54 -67 64 -28 -47 45 46 -15 27 -3 3 7 71 -101 -58 -78 96 98 -71 -54 73 -77 88 -124 -102 15 -19 -101 -39 -85 -18 73 -107 40 -20 19 74 -12 53 -1 -101 12 -8 94 -64 -122 13 -81 -66 -75 38 -69 72 70 -86 -124 -53 42 -48 28 -95 -101 95 -4 -41 38 -86 -15 -110 13 5 62 109 -55 -127 4 -17 27 -1 -119 98 118 -119 124 54 30 -29 -55 60 -48 
90 8 -51 87 -63 72 71 -45 -121 23 -30 28 8 -120 69 16 -48 66 -21 32 17 43 -73 6 -3 -50 -61 -33 66 15 -47 -95 86 77 104 41 -39 125 6 -48 -73 100 97 -52 77 125 59 68 69 -84 -77 98 91 73 -111 73 -49 -77 -121 58 -84 -33 -41 -60 -73 34 101 96 23 -76 -102 70 -107 3 26 -48 -113 -118 -48 82 102 27 44 -73 -93 94 43 -80 107 118 2 -27 -83 -124 5 -22 -107 6 -96 
88 -109 -54 -13 -23 -90 98 3 -29 44 -35 -18 -81 -30 -76 38 -6 81 -80 40 46 107 -80 -97 -95 122 19 119 75 51 -66 -40 112 9 104 103 -13 -107 60 -9 -56 48 113 -26 85 -114 -32 87 18 122 71 -107 67 -113 58 -84 50 -15 108 -75 -87 -5 90 -71 19 -29 -2 -71 37 55 -111 -69 75 75 8 114 -53 102 82 93 -21 -39 -7 -29 -10 -66 59 97 107 -105 52 -87 73 126 49 -42 -79 46 -60 
12 -53 -120 -87 -5 62 -42 44 -76 26 -109 6 -64 123 -48 97 -16 -45 9 30 -31 33 -105 -39 -86 -2 119 -30 -87 -61 -93 -72 -13 -75 -86 21 76 125 -47 46 52 -38 97 60 -20 -64 105 -28 -2 -15 -89 -102 51 51 -57 -113 117 30 -56 81 -108 -53 -97 -93 98 62 -21 -82 42 -19 -26 40 -28 35 70 -126 57 -67 89 -83 -71 -18 -8 -87 71 -119 -91 85 48 -117 122 -80 -30 81 41 21 -67 73 -65 
-107 -5 117 101 -4 30 -99 -30 -89 -27 -127 -6 -82 51 -15 -123 -111 -10 18 84 -15 105 -84 -64 115 -59 -25 -15 100 -56 64 -64 49 9 12 72 83 -93 113 -8 -55 22 32 79 -91 -22 -87 -4 -34 0 -59 -93 -16 20 113 -13 91 88 39 77 -77 -77 21 -76 52 -118 -84 47 -96 -100 85 120 72 -37 -72 3 19 -64 73 54 101 15 -95 5 -88 -112 83 -107 110 -98 -79 61 -26 21 65 -122 -104 -102 86 
100 26 -100 -122 119 -47 43 110 104 71 -1 -109 52 68 -79 -82 -104 54 -95 82 80 -6 -128 46 103 -81 -17 -55 73 -101 60 24 -41 -58 -102 -58 52 85 -29 111 122 82 93 -54 28 -33 96 -6 33 -127 116 -9 -9 -106 -48 80 27 -123 -88 52 58 -57 95 5 33 107 -7 98 19 16 -53 -15 -35 18 -12 -66 64 -31 124 -99 13 53 -94 80 -124 32 74 -48 78 -89 15 -106 -66 -19 -41 55 -124 -99 -125 
47 -91 -123 -111 47 -39 40 72 -60 22 64 78 -73 111 -54 36 -8 22 -64 -111 111 -95 28 90 -119 95 37 95 -47 -25 -77 103 -119 -100 123 -54 113 99 2 68 -68 63 58 6 108 8 122 97 12 -6 -28 44 -9 89 -73 44 46 -46 -47 -99 -1 -36 -47 65 83 -39 10 -10 2 22 -45 60 10 -124 81 -68 -16 57 79 40 55 -94 67 -110 55 103 13 -118 49 -13 -104 27 -11 -99 -33 17 -6 96 -119 
122 57 52 -105 -20 -98 -46 83 112 118 17 21 -83 -88 -91 -37 26 11 97 126 -29 -61 -59 106 80 -20 9 -111 66 114 96 -100 -88 113 -86 16 117 -19 67 86 13 63 68 96 -114 23 -56 -13 8 82 -122 51 15 -97 116 -124 -104 41 -85 93 -92 56 48 45 -78 18 7 -52 100 -10 22 -75 96 -109 47 -112 -49 -60 -13 27 -121 -10 -68 26 78 6 86 97 54 -9 -78 -118 112 79 76 112 -72 -121 -118 
28 -82 62 -75 21 37 -65 -39 -55 -33 120 57 39 -89 -23 -109 -20 72 -60 -27 -50 88 -88 -9 28 73 68 90 -33 -62 69 19 31 -84 -43 -83 98 -6 28 -20 -6 -109 -124 -44 56 100 35 65 39 11 41 -59 -38 18 -104 -3 -24 55 43 42 59 -68 -53 47 -74 34 80 -72 -46 103 8 -66 -40 40 -67 37 -76 -94 -90 -89 21 15 17 -61 -35 95 42 -21 -120 -82 -95 -80 -110 125 -99 16 -114 59 -51 
-75 -30 -33 -21 75 -31 68 -122 -73 73 40 121 74 -60 52 -34 -47 121 38 -54 -109 91 -124 -56 10 52 -58 71 -111 26 -115 -13 -84 84 -72 52 59 90 -11 -57 59 -17 -84 -79 89 12 -64 120 13 -105 50 -22 108 -114 -4 77 126 -67 59 97 52 -106 16 -16 -50 56 51 90 -40 81 -80 -18 -116 -28 -59 100 -83 -114 100 84 -70 101 55 5 -102 15 -64 101 123 15 106 -121 38 6 42 121 112 -31 121 
-36 24 -99 80 -10 -85 -81 -8 -75 -62 -81 54 107 67 95 -45 -96 -28 -100 -32 -51 -105 85 -53 92 56 53 -91 -50 22 -20 -101 66 -103 -38 31 93 -62 29 -81 -52 -64 -95 -73 63 62 68 -119 68 -69 -77 -41 -57 -113 2 -68 -111 -25 -72 -75 -76 101 61 -112 26 -99 109 -57 45 35 70 59 -37 118 90 -50 -37 102 29 -59 -121 56 -97 -122 32 72 -47 -125 -39 84 -23 -11 121 47 2 57 -3 19 -121 
94 -10 72 -118 -40 27 93 -100 -55 -48 -96 59 -35 1 29 114 53 45 -46 -61 78 -15 74 -20 105 -11 106 -81 94 -119 -111 26 98 -50 -44 -114 -88 -51 -111 -19 96 56 -11 54 12 87 -46 6 -104 -55 97 35 53 -97 62 -82 124 -124 55 0 -78 99 80 -25 -70 87 -112 64 -74 57 -38 -99 -75 -72 -100 -17 120 52 103 -4 -58 89 85 -121 53 -80 73 -30 3 13 -34 -6 -54 62 58 112 -80 -70 109 
-39 -14 -76 -88 -61 75 118 -18 -113 45 75 -105 -67 65 -54 51 -59 54 -8 46 2 55 -1 -50 -21 39 -48 -39 6 -5 -91 -121 -41 57 -109 15 63 22 40 113 -122 30 87 -62 124 -12 -114 -87 2 5 86 88 84 -67 78 -95 102 52 -40 97 -67 -70 81 30 -1 77 56 -46 -70 105 6 -46 -115 41 27 -16 51 47 -93 -115 -87 88 -81 -36 -28 -96 123 19 73 63 28 -78 115 112 126 -99 96 -40 15 
84 -93 8 -45 -29 -92 18 99 -44 -94 -83 -116 -36 107 -49 -17 114 -124 82 -117 16 -72 -127 108 78 -50 12 118 -106 83 108 -121 -89 48 23 -40 -96 21 -122 2 -59 84 -115 85 -68 69 -16 12 126 -48 -78 11 -89 32 27 -96 99 59 -29 8 -62 117 -123 24 -127 99 39 -23 45 112 24 -45 -60 -101 89 -107 124 121 40 3 12 43 0 18 14 53 20 -105 -56 -15 -77 -117 4 -83 -124 69 63 3 46 
95 -41 -113 69 -71 123 -113 5 100 -109 -111 -48 -39 -50 -61 -23 63 -88 -12 94 54 -9 -20 -96 -31 101 41 -76 -104 -22 -96 -114 28 17 -111 114 -97 59 18 -24 105 -100 95 36 -101 31 -117 -127 -72 -7 -93 -46 111 22 -13 56 112 24 97 70 -96 49 -111 12 -116 119 -33 -20 120 -3 -49 -61 -48 94 0 76 95 2 60 65 42 -75 -51 46 56 -14 -109 113 43 118 18 86 -10 106 -12 -40 -97 -50 41 
-26 64 96 55 -63 76 -55 -44 86 65 33 92 15 -51 -79 70 29 -111 -1 34 -87 -120 2 68 -24 62 -106 -75 -117 -48 0 105 124 -5 -80 -123 115 26 -16 -120 56 104 -47 55 53 93 -18 45 45 -128 92 -67 -92 -120 100 70 -29 31 88 -128 33 33 34 -32 -75 -78 -37 -72 -46 -2 19 13 -47 0 11 -31 103 33 -107 -26 -40 20 -51 75 -112 -77 112 -82 27 74 3 -50 5 29 112 22 122 121 123 
-101 64 68 -105 -97 -24 62 115 51 -63 -23 -12 28 126 101 -66 120 2 26 32 90 75 122 -116 -34 5 -43 78 -37 -92 108 -46 -64 -121 -62 9 -65 41 95 84 -44 -59 9 -124 -58 104 -109 68 -68 -8 83 -108 113 21 110 -111 -71 89 -28 72 72 -21 -82 -56 -127 -42 -47 33 57 45 -86 -96 45 95 95 -27 32 -58 -60 29 82 -40 -126 23 99 3 -14 90 46 -96 108 18 -65 -11 105 -18 -1 -55 86 
-67 32 114 105 -13 115 -28 83 -34 -82 -79 39 -81 65 109 75 27 -26 -120 -43 -41 -43 -32 23 -120 -25 79 -46 124 35 96 -64 -32 -49 93 -11 -112 -93 13 -45 96 60 39 -13 4 88 -15 -31 58 -8 -3 -17 -98 12 -117 24 -83 -78 109 34 85 -95 6 0 -69 -26 62 -87 95 125 -1 83 -124 -31 19 104 -46 42 -3 -6 54 -32 -89 36 -19 -3 118 40 -83 87 -84 -97 2 -16 -117 -108 -93 82 75 
-23 -8 -111 69 -44 -121 -8 69 -50 119 23 -103 -39 -7 45 -81 92 -83 -104 -28 -117 -35 88 79 -110 -79 83 39 126 20 69 -93 36 -109 47 -45 -38 -46 38 117 114 -9 67 48 67 -108 -74 39 -119 106 -110 120 8 -71 126 -123 77 61 -44 -128 77 -72 59 74 -48 18 116 3 115 -10 87 68 -82 0 -98 -102 -116 66 -103 10 -94 94 107 68 -12 -29 -38 95 47 39 68 -101 20 88 -11 49 103 1 69 
-103 56 -85 -62 58 -34 -26 -38 19 -119 100 60 58 -86 102 109 -64 40 41 -61 -36 -103 -104 61 -21 111 -17 125 46 114 -108 76 -63 68 -48 -30 -56 107 -90 120 65 -102 -122 79 -124 -86 10 -88 -54 7 126 -38 -32 -11 95 33 74 -125 -104 41 -1 123 -91 -2 14 64 108 122 68 -60 -28 -67 49 -86 86 -55 -106 -77 120 -16 -86 122 -1 8 54 -72 -8 25 -7 -6 -104 -111 74 26 -73 -105 124 87 -78 
-101 -14 96 -17 -75 89 38 -77 -25 13 -34 -119 -24 15 -12 -17 126 -107 93 -125 23 -94 10 95 -104 -97 -22 -12 23 110 67 -9 -106 -7 -65 -70 55 -105 9 -101 49 107 76 -71 -10 16 111 -70 -74 -105 102 -57 -42 85 111 -125 104 113 -111 48 78 -80 63 -68 9 104 102 -29 -31 46 -46 57 117 28 39 48 74 46 110 -13 110 -62 96 54 -43 -115 109 -63 117 35 -68 -25 -50 116 18 -87 -39 57 -25 
-80 24 -49 -120 -32 -53 111 -96 -66 -36 80 -6 88 -80 -126 -34 -22 95 42 -47 -2 122 -7 32 58 -13 87 11 -113 49 76 -40 11 10 -116 -67 8 -111 -93 -17 -39 108 -59 -90 -52 -51 42 121 -93 -121 118 -19 74 121 33 123 -11 -32 91 0 99 -119 106 -41 -116 -83 -28 -119 85 107 -42 86 -95 -126 68 -117 89 93 -7 -41 -54 36 36 -96 -37 -66 -78 -110 -118 -126 -19 78 71 -102 67 -115 109 -66 -67 
-117 -112 76 21 31 -38 107 -19 76 55 65 18 -95 112 -38 75 75 12 -39 -85 49 21 -117 -32 -35 -123 106 111 -88 -105 -61 98 -20 -85 104 81 -101 -10 66 71 19 -65 -94 -126 -117 78 17 109 -34 102 -89 -14 46 87 118 110 26 -119 71 111 -32 -109 10 -115 91 -65 63 102 33 11 -26 67 -108 116 -16 60 79 -58 -3 117 -54 -105 72 85 103 -65 -117 60 -5 -20 -58 -84 -13 -105 -88 86 19 16 -104 
21 21 -39 -3 54 6 6 -27 30 -77 -33 -107 -76 12 113 42 -116 -63 91 -47 85 -1 110 -63 116 -86 -127 122 70 -46 6 -128 10 -33 -60 -8 -30 44 69 -128 -19 -127 74 -99 -31 41 -9 -2 50 39 -22 30 45 44 -7 93 3 -46 -43 41 74 -32 51 78 -42 -16 -34 14 108 82 47 10 83 -117 97 -99 32 45 76 -65 -46 -111 -52 14 -98 16 -100 10 118 68 -64 31 -73 14 83 -94 -12 -63 -36 
64 101 73 -25 21 -26 -84 38 -25 -6 -84 -65 -81 -41 -6 14 3 -19 -63 -115 121 -39 -33 23 -108 74 -75 70 97 -58 -44 30 84 -59 108 -70 120 35 -55 63 -107 96 -62 -59 89 -102 104 97 42 -60 -35 45 -87 25 -119 87 -124 41 -77 23 -69 -104 -78 -86 -37 -23 -100 26 85 109 -52 0 -119 -84 18 -4 -111 86 -22 34 118 55 -117 5 -35 16 50 -90 -74 -30 113 -9 38 -102 -20 48 44 -101 67 
-91 20 17 -87 95 107 -98 -53 43 111 52 -109 83 -91 -61 120 -60 -92 126 -47 -49 -73 104 -31 64 97 -24 26 6 102 8 85 30 102 68 90 0 -80 96 -97 63 88 67 -128 -97 54 72 -36 66 -48 13 101 72 -35 28 120 117 115 -123 -32 44 115 -54 74 113 68 34 -28 41 -113 -122 -53 79 -9 119 -41 88 121 21 116 -128 126 75 -9 46 69 -63 58 63 -85 89 -28 72 1 -34 38 -77 -18 -80 
80 -51 10 5 19 -104 61 -78 -58 122 -128 -36 -121 -92 21 -77 -108 70 -42 -123 -84 112 -97 57 -38 -87 -120 -82 114 29 -19 -39 -77 -123 -21 66 -61 -127 101 -73 -128 -87 38 -72 -31 -2 64 -92 82 -3 60 -4 -33 3 44 -33 120 70 70 7 65 22 17 114 39 -112 -59 5 -80 -106 -13 53 68 45 16 44 -38 8 -12 101 84 103 -18 38 108 24 123 -20 -124 -65 70 33 44 40 115 56 -48 -40 -17 
-128 53 -114 -80 -60 87 -5 -87 37 80 96 110 41 -65 65 42 103 114 -6 -5 -21 -62 89 85 -98 87 9 117 -48 -40 -18 -114 75 55 70 -80 -31 6 -82 37 -10 -86 -48 50 7 -62 -14 -12 -113 -100 28 97 79 6 5 12 -126 106 -108 -65 -59 115 12 -120 105 34 -57 76 -13 -90 -119 126 89 -44 69 13 0 -107 -123 28 -49 22 22 -82 115 40 89 -53 61 -102 -53 65 -115 -34 17 -111 67 -22 59 
40 72 -108 116 123 115 70 -38 20 -3 118 -81 53 -57 -101 -85 37 -103 11 -108 -71 -87 -98 -36 52 -125 88 -120 34 -84 12 -5 47 24 53 7 -90 -48 -2 -51 -92 -51 -82 -51 -97 123 105 -59 88 -22 -105 -100 -59 3 -69 27 25 -21 48 -97 125 -38 -117 -124 -108 -128 -9 120 82 97 -126 -121 95 41 -117 -27 126 91 75 117 28 121 -67 1 -88 -13 -71 3 -72 -13 -72 50 -83 111 -13 122 -48 -122 78 
-81 -100 -123 -33 -105 53 -78 99 -93 -63 59 -111 -10 -111 66 117 -7 -32 -119 -21 56 34 -81 74 -64 -127 120 90 -82 -89 25 -70 50 101 -5 -83 -75 90 -16 -103 92 29 88 16 -86 28 38 -60 100 -73 59 43 -120 -80 26 74 115 -108 99 90 20 34 17 -67 54 92 -15 8 -63 74 83 -112 13 16 88 43 26 109 -16 -81 -54 59 -21 -35 -29 3 27 36 27 72 11 25 -53 -106 42 -27 -104 -12 -5 
-103 -60 -54 52 -71 91 -33 72 -55 -7 122 82 73 86 68 -34 -24 104 3 125 75 50 -58 -79 67 24 -99 12 -56 -41 102 19 -115 -20 -26 -44 -117 -108 -103 -97 90 32 -125 -24 -84 -28 114 -60 -63 90 -32 -11 57 -39 0 -2 11 105 24 68 2 33 -70 -98 -103 -108 -13 90 -122 -85 18 55 -40 -110 12 49 -8 -17 45 -75 96 38 20 30 113 -40 -80 5 46 85 52 74 58 71 -72 101 -4 56 -113 
-40 47 61 -23 89 -62 118 -25 -100 86 -97 -92 48 73 94 96 125 -127 -96 87 61 -16 -102 98 124 28 -58 -11 -97 125 -125 -99 69 24 -111 -124 -79 31 34 40 118 -7 -60 -49 29 -122 -64 -52 -127 -7 74 64 -118 29 27 93 33 92 -65 -50 -29 105 67 73 -125 -41 -110 14 83 -127 14 47 -1 24 -44 108 -52 -88 46 -88 122 117 -104 123 50 10 -22 41 101 -70 -3 100 56 -104 114 11 88 10 -42 
-128 -64 -1 -35 -94 86 -11 -18 7 -14 -55 -75 -115 -87 -102 -15 -29 -21 -110 57 16 97 -7 -12 -91 8 101 46 -99 119 90 -102 -106 -38 58 86 112 -121 -39 -39 -21 -79 -115 -119 92 46 17 103 24 -53 26 106 -92 19 -25 -65 67 39 -70 -63 4 119 117 -63 -42 -16 90 110 -47 -125 22 4 50 -113 29 5 62 25 -113 -75 -121 84 -114 0 -64 96 89 32 -68 -48 2 -103 -115 -38 19 -37 -114 -72 15 
62 65 37 5 -122 -67 122 43 -81 -92 93 -51 56 93 112 97 -86 -120 24 44 -125 80 -90 52 77 -51 6 -13 26 -45 77 -110 8 -118 48 6 30 48 -50 -14 48 69 -42 -112 -5 -104 113 -109 62 99 -15 70 -6 15 -74 -48 -95 -95 77 -36 93 -125 55 -95 53 -73 78 -124 50 -2 70 51 94 36 73 -94 -80 -9 16 -93 -70 8 -119 -108 64 -54 113 -38 120 43 -24 -99 41 68 99 -121 88 33 17 
-18 -45 92 12 57 52 -120 99 -41 -82 5 110 -95 66 111 102 10 -72 29 -75 -31 -25 -36 -11 12 -86 -124 38 17 43 102 -11 -65 -74 76 -81 -41 -41 1 -72 10 -10 19 21 31 39 -35 -7 -90 109 107 -60 -5 33 101 -128 11 -75 118 61 -101 -112 109 91 119 59 -106 37 101 -109 106 -61 30 50 59 -10 59 -34 -38 -107 109 19 -30 73 -57 -118 -58 117 -128 -57 28 -50 2 -113 101 -114 -95 104 -57 
-49 -56 -38 -30 -22 -2 -77 95 105 -104 3 58 122 109 4 116 89 106 -88 64 -79 88 4 57 101 -80 92 -59 -64 -52 -19 56 115 104 73 -45 121 -98 113 40 51 98 94 23 -48 -70 67 -35 110 -108 42 98 -14 -114 59 90 -6 -108 81 73 11 -109 32 10 66 56 -90 -20 -90 -7 14 9 122 78 -35 -42 -93 114 122 -95 109 120 -22 1 -32 31 -32 -40 -23 38 -17 -5 115 -106 1 34 -45 -78 -39 
39 -117 17 -46 57 -46 -103 -107 31 -22 -70 -2 11 -95 -40 -25 56 13 18 15 -51 -8 104 -32 40 -30 125 54 50 37 -40 -7 -60 45 -13 -82 -67 51 4 -60 -26 -123 -65 -56 47 -69 -9 72 109 -16 118 -113 33 83 -31 -10 103 41 -3 14 -78 -96 52 64 76 121 -79 59 92 -1 -34 -48 100 55 -73 124 -23 -39 -90 94 76 -21 100 -53 -127 -110 -94 44 -104 4 -52 -127 -33 19 -39 20 -112 68 101 
-68 -86 -1 -5 71 31 -77 -35 100 -36 126 56 -93 -53 68 -6 -40 97 -80 65 -93 -33 21 -84 44 -60 -75 97 -1 -88 73 53 22 -2 100 -74 -32 -33 -116 120 116 116 -106 -114 -77 37 46 94 116 2 19 -31 -92 -84 -26 102 87 45 38 -18 -73 -11 46 75 -35 124 -55 -12 119 -73 65 -42 71 -26 114 12 87 -33 -63 -62 4 103 -119 40 -93 -74 -22 -52 -14 -75 109 42 21 32 125 -38 73 13 45 
32 19 2 58 74 31 44 -47 -94 -127 -57 -4 91 -107 96 71 71 56 -5 123 -74 -109 -70 -5 71 31 25 -81 29 58 98 -4 48 -30 99 -59 51 -24 10 -45 -58 71 -16 -56 104 -38 -127 -21 -9 38 -61 -36 6 119 100 -90 0 1 25 27 87 59 -11 7 -96 58 -58 22 -11 52 12 5 116 -22 -73 -10 50 50 39 121 119 87 -100 55 -90 -118 -93 -83 -105 15 -95 9 -44 123 9 -122 114 -103 90 
79 -2 62 -122 91 53 -47 -62 62 7 -95 121 97 -111 -35 91 -97 -123 85 46 -72 -42 -60 121 -92 -25 -43 -90 27 53 -92 -98 115 -62 -22 -109 48 22 -115 -4 65 62 -44 101 119 -110 -15 34 13 -98 19 -122 -41 14 -60 -77 1 -22 -56 -98 -48 -4 42 80 116 -64 -63 22 71 -82 -43 -101 -120 55 33 -95 -8 84 -10 85 100 -15 -95 -16 -126 27 -36 -89 28 66 124 -116 22 98 32 -128 38 123 -8 
-67 -52 25 -119 27 -126 88 -124 -87 -118 56 117 -92 111 -119 -121 126 -106 94 -2 -12 -38 88 -58 -49 -57 -114 -90 123 72 -125 104 -7 82 -1 -79 65 -121 18 -95 -61 57 37 33 5 -30 116 -13 9 92 -61 72 -122 7 -93 27 -108 35 41 -1 -31 -127 105 -105 8 -43 -114 125 25 -40 -38 -57 -3 125 -116 -44 -73 84 -49 -67 45 -124 -70 -3 -117 87 -102 -97 -54 -42 104 -101 -110 93 -49 -84 -20 -72 123 
70 -7 -97 49 -23 45 50 99 -113 64 74 -71 98 84 36 62 -118 123 103 -62 23 43 -17 9 14 -72 86 87 124 114 -58 6 -117 124 -22 -99 -90 -15 -98 46 122 112 45 90 12 -82 -67 -47 -127 26 -67 -90 -8 58 -24 79 24 -57 -55 -80 -125 45 50 -12 -13 -119 -76 -82 64 -81 109 -13 -20 93 80 -26 -120 49 53 125 -97 111 -61 -39 88 65 -93 6 -97 121 -5 -114 -31 120 -102 -107 79 74 -37 
-5 -89 -109 -74 65 91 102 -18 -107 77 -98 -35 -42 -57 -53 -50 -9 -5 80 105 -125 -81 -46 29 -82 99 120 -1 -68 -104 53 41 34 110 -108 -10 50 106 49 41 -88 121 124 106 -12 7 -59 26 -93 70 66 -20 -95 -128 27 67 -43 124 25 -50 -55 -20 8 78 -51 -45 110 18 102 -28 -83 11 103 -42 27 -2 122 -110 64 -50 -121 77 -72 69 -59 109 -24 109 -46 71 13 -39 -93 -108 -59 -30 -88 -69 -86 
88 5 -71 17 -121 38 -48 -108 31 -109 -61 99 -13 87 -55 27 -11 -37 0 19 -126 120 -121 -47 91 -74 -1 -69 102 107 -78 -109 125 -65 4 -36 118 60 126 -60 -66 -17 30 -96 -127 -49 25 -97 -25 86 -28 -65 77 -89 -90 -88 -6 -6 -58 124 67 -40 -19 62 -97 -52 6 -45 -99 11 -94 84 47 -54 80 -81 80 -80 70 59 106 53 -16 85 -119 65 -74 -99 -64 -19 -87 -24 -56 -78 73 -116 67 -19 43 
6 -91 -3 -96 -76 53 -26 45 -111 40 -56 3 -77 58 -6 34 -117 -46 53 116 -122 32 -107 -113 34 46 -53 76 31 86 105 3 -51 32 -127 -121 27 -9 -115 -79 -114 -75 -24 -88 -113 118 -79 -96 89 -82 119 66 -4 -10 126 -119 -105 -105 -7 34 103 47 17 73 -60 -119 17 15 -118 2 -111 -2 54 -117 -20 52 32 -86 -16 -73 3 -115 6 44 100 -122 -61 -51 -5 8 28 -95 -101 -118 61 -33 -45 66 47 
-105 -57 80 76 98 100 37 -73 83 -125 -58 -47 -35 19 -60 -25 -28 -21 121 -2 -67 74 116 26 68 -75 -115 -51 -50 40 -105 100 37 99 63 -95 80 56 -22 52 84 -105 35 -6 -79 91 -110 37 -59 -126 -26 86 -32 -52 -75 -28 49 124 -60 41 72 59 -71 65 104 -75 -104 -7 100 26 36 87 49 6 -125 -105 -8 -8 29 -41 -47 -25 69 122 -25 10 -120 111 53 -128 39 66 -88 -54 -62 95 -71 -35 -120 
71 98 -69 9 27 -117 66 15 90 -95 75 116 25 -75 -100 124 -94 -88 -37 -106 -67 -58 19 18 -111 111 -36 -75 96 20 -61 -88 5 55 18 -74 -124 -87 -123 89 -126 -63 -1 -113 18 -62 -19 -42 -120 36 90 112 -46 -1 85 74 19 71 -66 125 -20 34 21 -9 54 -10 98 45 -102 125 -47 91 -46 -105 6 73 -19 -12 -17 5 116 -124 -18 -112 -65 -90 44 -3 83 3 9 -20 -75 49 76 -35 98 -38 52 
92 114 -94 -18 117 -106 -121 -99 107 -31 -18 124 37 54 22 65 84 -101 39 69 -63 96 -100 -101 -67 115 57 -87 41 -97 72 87 24 41 85 111 114 -94 32 67 -92 43 -5 57 -69 34 83 74 6 -123 -104 21 -109 -45 51 -102 -110 -23 -41 49 18 -125 -52 -27 28 -32 -125 -82 -125 83 25 -58 -121 15 13 -110 -80 23 -37 68 -42 -93 -74 -37 -40 -52 20 116 -12 -33 83 -74 57 49 26 61 14 -61 -70 
-52 64 -115 78 55 -106 -37 -64 -72 89 123 117 -75 -35 38 -27 -100 94 -14 -80 -29 87 38 -98 -50 -92 86 13 9 121 5 52 -77 -84 -68 -57 -15 52 -28 85 -86 113 60 19 104 26 69 50 37 90 117 -95 -30 22 -103 74 -39 -61 34 -85 57 -45 -31 -45 19 47 -44 -80 -104 -76 -120 -70 41 28 -46 -53 115 118 63 83 12 105 16 -87 -70 114 22 -101 0 108 79 29 7 118 -101 30 105 -99 80 
96 20 72 42 -128 -61 -27 56 -35 51 -61 91 -91 -80 -109 1 -79 -8 -105 -119 117 49 -31 32 -70 -14 -87 124 70 -12 44 55 84 -102 17 57 -30 -54 -64 -10 -78 76 -73 -24 43 53 66 17 -53 115 -106 -30 104 37 -56 95 -5 -60 -104 -38 38 -65 -127 20 52 -93 20 42 -60 89 7 26 -38 -85 -12 61 -107 -117 77 -112 51 75 105 26 -85 90 48 94 -122 -115 85 15 61 -100 -93 -6 -51 -13 65 
122 -81 87 126 59 11 -123 2 -69 52 100 -14 85 73 -26 -11 51 28 26 -110 -8 38 -91 -32 125 -74 35 4 -121 19 -107 109 -81 -40 108 81 117 39 84 81 -58 8 65 -42 -62 -104 -13 2 54 66 115 -52 -114 -48 -82 26 -110 94 -73 125 -34 38 -38 88 84 24 15 20 113 53 -31 59 -48 -74 102 5 -66 -47 103 67 52 78 61 37 10 -97 -111 -45 -66 -77 -127 80 -85 75 93 -89 0 -12 121 
-63 91 101 53 -1 78 -119 -30 -9 -71 -50 -124 83 70 21 25 78 -32 -42 124 -68 126 -46 115 39 35 -15 3 -23 80 -106 -80 -68 -22 15 -88 -59 -63 118 -118 -120 -83 -110 -51 -75 -114 22 108 93 8 -29 -21 115 85 -122 71 19 1 -82 -12 -107 -23 -48 124 -48 92 -76 -45 -97 -81 28 -6 -3 23 69 18 -46 51 120 104 -44 6 88 -98 125 -49 62 126 -114 -116 62 -92 7 120 30 117 49 120 -6 
-98 -123 -88 -65 -101 4 3 60 107 -3 104 11 4 -104 -29 -13 -100 70 125 22 98 119 -115 -119 -50 -119 -77 -93 -12 123 -116 -78 51 86 67 74 -104 -77 -2 -18 53 111 102 68 0 -8 49 -105 54 35 -4 -52 6 26 88 -101 114 70 85 41 30 -79 108 -44 9 -36 31 85 -25 -121 34 -1 24 78 111 68 -29 -82 12 79 6 78 -17 -53 65 40 -51 -84 -33 87 38 36 -34 61 120 -128 -37 -57 -29 
28 71 100 15 55 2 -94 -53 -46 -4 -41 20 80 -20 -17 0 34 -72 -70 76 24 -91 -70 -15 -81 -25 -11 -104 -3 -81 -80 62 -125 61 -101 -19 -118 42 92 -53 90 100 -5 116 -10 16 16 -28 -116 -47 81 -60 102 -98 84 -115 -116 -73 18 54 -67 -47 22 -23 23 23 -34 107 15 14 90 -55 -10 -5 10 -32 -59 -27 -90 84 104 -63 -41 -88 69 -18 -10 -43 38 -113 57 76 85 -43 98 -95 14 -22 75 
-60 11 117 92 37 100 104 91 -112 103 32 -115 21 -63 126 -98 -12 -118 0 83 -80 -110 123 117 86 -120 -103 -26 45 68 -107 105 -75 -25 110 14 74 11 27 -81 69 -77 -58 -117 -14 69 -50 94 44 49 -121 13 11 -120 81 57 91 59 65 -40 94 62 -68 36 -119 53 80 0 -88 -7 74 43 76 -93 28 74 -66 80 56 57 94 98 123 -88 -38 107 -84 98 -23 -127 58 90 11 42 -51 -45 13 -82 -70 
-81 -71 -26 -8 96 119 91 -76 96 82 -30 14 -70 28 107 34 -109 27 73 -18 49 22 -113 56 116 18 -37 -2 49 -100 52 -112 124 -4 49 -22 69 30 40 103 74 -107 -93 106 -48 -124 -61 4 36 -44 -45 67 84 -127 -57 56 23 90 -48 77 101 21 -45 3 -78 -3 -32 -80 58 37 124 86 107 111 -27 46 -42 56 5 -10 -100 17 99 -95 -35 79 -80 -128 26 -44 45 -127 -3 -32 -69 -117 -124 75 -93 
-93 5 -10 -10 -23 17 -42 -96 4 -115 102 -8 17 29 -24 -2 -63 70 47 -7 -101 63 117 -65 36 -18 -18 69 -29 10 -126 -48 -31 -41 -125 86 -47 111 -61 117 92 30 -61 -116 -71 -70 116 77 39 117 86 124 93 45 62 -6 -112 -107 -73 -10 20 73 63 102 82 70 69 -116 6 -93 57 -81 112 27 -119 -44 -104 102 -34 -91 32 -75 -123 56 -26 118 54 -3 -33 -73 58 117 108 43 47 13 -88 83 64 
-87 -54 -81 69 59 68 126 123 15 -96 1 80 -1 -64 -71 -1 85 -104 -110 106 -117 -7 -126 1 -105 -124 -126 1 19 88 100 -2 -22 -91 -126 -7 -74 -96 -88 -22 -92 12 82 1 -1 -32 -100 -108 36 31 -32 -11 18 -117 -116 27 82 54 8 111 111 -93 74 -112 -77 103 -18 113 94 21 96 -90 31 96 6 45 -17 38 -31 -103 27 113 -85 -13 -89 9 -47 33 -53 -82 95 58 -63 -112 58 -111 -112 41 -78 
-49 30 -2 -36 13 56 101 -75 25 -60 -2 117 -18 -38 -51 32 -116 5 -76 -72 50 75 86 20 44 78 -17 -41 34 52 77 112 63 -122 123 -78 3 -52 47 -36 20 22 -101 -85 -9 42 -77 91 -16 -108 -112 14 -8 68 -24 -105 21 7 87 36 -17 124 122 -73 -12 -49 120 -27 -13 -31 24 -31 113 42 -9 61 -92 -4 -13 90 84 95 106 8 -95 80 96 67 -49 -126 41 -107 41 108 -94 -7 41 -39 -90 
-35 -45 -92 -60 20 -112 -21 -39 80 105 101 -95 7 -5 27 -39 67 -26 48 8 91 58 -3 -115 -2 -117 47 -3 -107 34 47 125 109 30 108 27 -84 -45 -22 -54 111 71 -88 25 49 40 38 57 -58 8 -48 108 9 64 95 112 -96 86 26 11 -52 41 0 64 -50 -39 -72 81 -59 -87 100 30 -113 -61 42 0 -110 45 -123 -78 -3 -49 64 99 95 -44 57 -115 34 85 -87 -105 -50 -110 38 -7 -95 -112 43 
-30 103 -121 60 -14 8 -21 124 66 -55 97 -29 47 -66 -118 -69 13 89 -20 -63 96 -108 -37 126 -81 -83 -72 34 121 -16 85 -106 -113 -127 -22 -5 40 -96 84 88 22 95 34 -105 104 70 18 -94 -48 -40 -117 -42 53 108 -63 103 -84 101 -2 28 90 43 -56 -20 98 -24 86 -42 109 -126 31 -100 -9 -59 -40 -100 -37 60 -56 -128 90 -89 -71 -3 24 -116 104 87 48 -34 -49 -26 -1 46 10 77 -79 90 90 
-89 53 63 -16 79 -87 82 -15 -103 -53 -84 -109 6 -93 119 -120 103 -29 56 -66 106 36 -31 -97 -8 -113 56 -54 -1 19 -127 -116 -16 -68 -41 -11 -92 58 72 -26 -39 71 11 -29 15 -24 -26 17 -21 53 35 49 -27 -72 35 -24 116 -3 -12 57 111 109 -25 -121 -34 3 -85 -26 -17 -2 -49 53 82 38 55 -79 -100 -78 114 118 7 117 98 -65 51 99 66 46 34 3 114 22 51 -23 5 -16 65 -40 -123 
-1 -76 -109 -10 101 -95 4 118 125 -41 -51 -119 -32 -30 -44 117 -26 -25 -23 -63 -3 115 34 45 -92 10 -6 56 117 -104 -50 -101 8 -104 -37 -72 7 11 71 117 79 18 81 123 126 76 72 68 -76 -65 80 13 -25 -126 -91 6 -81 -39 90 -56 -52 3 64 -121 79 107 5 -13 -80 124 29 74 -72 -56 -98 -124 -115 -69 -110 30 -71 -99 -22 122 -121 12 -99 70 -117 -82 12 -29 -78 77 83 76 -87 39 -123 
113 0 -117 123 114 -49 -102 88 -58 75 77 57 -69 16 -113 79 69 -127 125 -30 -97 20 -66 90 -97 -21 -22 -13 87 117 -22 23 -29 -98 114 33 -46 52 81 112 75 2 -52 -114 57 90 -58 96 -109 126 -27 24 41 -80 105 -39 -7 68 -11 -46 123 -102 -2 -62 -33 57 25 -110 -72 17 -31 27 6 4 -92 -89 33 -60 -95 70 110 53 -3 -88 103 73 52 97 -37 -107 48 108 -13 -124 -47 -48 -24 -118 11 
29 -40 21 98 -38 -47 -86 -20 99 97 -3 -94 113 -50 95 38 -61 66 85 -51 22 16 -72 6 6 98 43 -5 -42 100 78 125 -41 81 119 23 112 110 84 101 108 82 65 117 -101 -115 -64 104 99 11 -48 9 99 80 -108 -117 -85 -43 12 60 -77 -90 77 76 -98 -86 -6 106 -17 -118 108 116 50 -76 81 -17 -61 110 33 118 74 124 60 -25 -6 58 21 121 46 -66 46 126 -119 -28 86 -2 24 -51 -28 
-19 -83 -76 99 42 -22 -85 121 12 50 33 87 -88 3 -73 -88 -115 -42 84 49 51 44 -8 32 -49 -58 64 64 -64 -77 16 6 89 71 104 -76 60 -106 -54 -118 -17 122 57 62 -2 -35 68 -90 72 57 11 -27 -59 7 -56 -10 103 30 -61 -20 100 -93 51 -72 -110 -90 9 -35 9 -4 6 -34 -28 114 50 -72 33 -13 21 83 -113 -81 -72 54 -32 -19 -39 80 -89 -113 91 62 106 -25 89 -39 -97 -9 -32 
105 -102 -83 -64 87 95 61 112 -81 99 39 -124 83 -1 9 -104 49 -31 -49 61 83 21 92 -29 40 -9 69 17 -44 -76 -78 33 -22 -100 0 -66 96 -2 65 65 24 -67 34 81 -44 95 99 -48 -19 -54 106 114 -81 98 19 25 -96 -42 74 79 -105 41 -108 -27 -9 101 21 49 -21 -126 48 -40 -17 -49 86 -88 -120 -99 31 112 -123 69 67 89 -103 103 -119 -88 -91 125 76 113 -102 -124 -91 48 51 -9 -44 
-80 114 -41 3 82 52 -30 -3 24 -85 -51 -23 111 30 -90 -92 63 -50 35 -39 31 62 9 104 61 -33 105 51 -21 70 -9 -21 58 -8 19 -6 -76 -11 -24 25 -100 2 46 -78 -84 -24 -24 -95 -41 -106 -65 104 -10 123 62 -122 -31 -20 -80 -42 -23 -30 -76 -44 54 5 112 -98 -22 68 120 114 -108 -38 39 -74 -21 21 -82 21 60 -66 -119 -27 -113 115 -116 80 -16 -45 79 106 -27 -64 37 -51 117 -82 84 
-65 -56 61 -42 -100 -54 6 69 117 -36 -28 66 -91 -13 -99 -7 66 49 70 3 62 105 44 105 25 -127 -95 -22 -33 45 -117 74 119 10 3 -24 -18 111 -29 62 -66 20 -103 -103 -68 -27 16 -80 -67 13 25 99 -114 -77 22 72 80 70 78 72 -40 -2 -65 5 38 85 -64 64 -115 30 84 -16 -95 20 -125 75 -114 102 -128 118 -38 60 29 18 68 -104 58 94 -58 -87 -103 47 81 -16 -12 98 116 55 -88 
23 94 -40 -56 96 120 64 -12 -99 22 51 -41 58 102 -66 -119 26 48 79 -56 69 120 3 89 54 -86 113 92 100 83 35 -10 78 24 5 47 -65 -24 -24 77 121 24 111 -113 22 117 122 -101 50 -27 119 120 -64 -81 -105 114 -99 9 90 -77 56 -5 116 -18 110 49 120 8 95 -38 66 -15 115 33 -91 -92 71 102 66 -101 -73 -61 19 -117 -74 -7 -113 -51 73 95 -23 56 50 -19 113 -38 -87 -19 105 
86 -64 -126 108 77 -59 -125 -56 -99 56 -36 -49 -40 -84 -17 -109 -55 59 44 -4 89 -54 100 -57 -72 -51 -15 70 14 -43 84 123 -89 -119 88 108 -40 82 90 51 -120 118 -61 -64 -86 -64 85 -54 -127 -118 103 -37 17 86 -104 2 -124 -82 24 6 -27 116 56 -73 13 -123 34 51 13 -90 -117 -84 -5 -68 80 -97 110 70 -82 -10 -116 2 18 14 -11 -50 64 18 118 -97 -68 -81 -62 -78 51 -114 37 -84 -23 
-107 114 -13 -64 91 21 -25 1 -38 -113 61 116 -67 74 47 -38 94 15 -74 110 -42 -15 -106 123 35 17 92 -88 -39 20 27 0 80 -106 19 108 -42 123 0 -102 -52 120 73 -16 44 -92 -62 -73 126 112 63 -7 -105 -34 -82 64 49 67 -19 -66 -38 -123 25 1 12 11 -117 -50 24 92 56 39 -76 -93 -72 45 -70 9 -106 -26 10 50 63 -126 2 -80 43 59 -114 -42 -123 103 58 -83 19 -48 87 112 -124 
-25 -124 109 -26 -3 -70 -114 124 3 66 114 -83 -17 -125 116 54 110 48 97 121 -28 -45 75 -18 95 12 71 -96 -105 -88 106 -46 -124 -27 -17 -118 -70 -16 -63 53 14 11 95 46 -96 82 97 75 -17 -94 115 44 -3 -120 47 -104 39 -56 -103 124 -56 91 -89 -16 55 110 -90 -53 65 77 -54 38 -76 -62 -39 111 16 -52 42 75 -4 59 -14 1 -114 22 20 -100 8 79 109 -112 31 -70 -38 1 93 -67 -33 
122 -65 -76 65 61 35 124 109 -24 -97 43 8 -80 84 78 109 -38 -25 -43 -106 -69 19 -20 25 -26 -98 -15 -61 -48 26 -45 114 -111 -86 -22 -59 15 80 -72 55 58 -15 -112 59 -107 -127 -109 0 -60 -95 -1 86 94 34 79 121 -72 -112 23 36 -49 88 28 -66 43 -68 -95 -2 -40 -5 89 -42 49 -10 7 14 -60 -49 38 77 -14 -98 -70 2 -105 -39 -109 -15 96 -121 43 -51 25 -51 108 -88 -107 -4 113 
-102 126 -89 -81 113 -65 -27 -126 -46 -85 88 -110 126 -63 5 16 75 29 -97 55 108 103 93 19 -110 113 -13 -1 -98 58 -73 -36 79 -114 -93 109 -69 -5 61 -38 -33 96 -4 -60 70 -75 71 -8 -18 82 -90 39 95 122 55 -98 79 68 14 118 -106 -73 -128 72 -32 59 4 -77 -24 41 -60 -45 -105 -91 98 20 -33 121 30 77 -82 63 -24 -76 -56 110 126 -127 -20 -93 43 -33 15 -55 52 8 17 100 -88 
4 -68 -76 -119 23 98 -35 -6 66 10 -30 -118 -43 84 -106 39 -106 40 67 -25 90 83 73 28 -84 14 87 -7 82 -77 -114 53 79 124 43 -30 57 -76 25 -5 116 18 -20 -46 59 -74 -82 -19 -17 -114 29 105 -77 124 -102 124 -71 35 116 58 72 -101 -28 24 -23 -5 75 110 -76 4 16 100 60 -55 -70 -119 20 -82 -120 -116 72 -116 74 73 -9 98 -97 -78 73 99 86 -83 -13 -85 60 -119 -112 -112 -12 
21 -24 -45 33 0 -111 -118 -104 -121 -36 30 -50 28 -107 62 65 17 125 13 12 -25 8 108 93 77 65 -57 20 -126 103 26 48 3 32 -85 82 91 -48 53 -7 -20 -9 -13 -48 -128 44 75 -95 -107 -122 -121 61 14 9 101 17 97 13 -31 -112 -53 -1 3 51 -78 -111 28 82 -49 -62 54 123 33 -77 32 -119 97 -47 -35 44 -19 53 -25 51 -26 -56 -4 35 116 22 -17 124 -16 75 59 84 -34 83 -62 
121 121 -106 -127 -30 -40 67 -97 -105 49 -84 -87 -44 126 -101 73 -101 -17 40 102 105 92 5 -16 78 73 -86 57 23 -113 105 59 -58 69 -28 -116 25 8 -59 115 68 42 79 -22 -83 -13 -84 -44 -58 119 116 99 -27 53 106 -20 36 -13 -33 -1 37 19 -66 49 -33 -33 -85 91 51 -14 59 -86 -125 77 -77 101 -12 60 72 -76 -80 -110 96 56 -66 98 -66 -15 -63 -45 26 20 80 1 36 87 19 -64 83 
121 110 31 -108 84 -22 101 58 103 17 -105 54 29 -4 25 8 -76 67 -108 96 23 -109 -105 -17 -120 -109 56 85 100 89 40 -85 -8 44 96 -93 -113 -68 2 -83 -60 -110 -124 35 78 -12 -77 -18 44 -19 -69 -101 125 -81 -76 92 -13 14 -34 -12 27 80 30 -21 113 -5 -51 36 122 -32 -128 62 -42 42 -49 -89 -115 -116 -54 -1 -128 92 22 -99 75 -47 104 -57 117 12 98 -116 68 63 114 -79 8 -115 -57 
-66 69 -23 -3 -122 -124 -69 -117 63 36 94 -111 -115 20 88 41 -128 -81 94 -70 -3 -71 0 123 -114 -79 22 -68 6 101 -66 -9 -6 32 14 101 -122 56 71 17 82 107 -81 5 84 -41 -48 -62 67 -32 100 117 50 -20 -126 40 85 57 106 90 88 -68 -108 77 78 71 50 107 -88 -24 0 5 46 -65 102 -23 120 64 -35 -12 -48 30 -104 50 5 -57 85 -81 36 -64 123 118 -127 -57 56 2 23 -2 -35 
-121 -66 14 56 81 11 -124 26 -55 -123 76 -65 28 -10 -79 85 77 123 -117 98 -97 37 46 48 0 -67 -57 0 -104 -102 -112 62 -6 0 -79 111 42 6 38 5 -8 107 -124 -35 -32 110 -26 -94 -20 2 -1 -67 -50 107 115 24 -83 -74 -120 103 -43 1 79 49 -49 17 91 75 8 37 29 8 -108 -118 -14 -57 43 -38 22 43 -4 111 116 -97 90 -16 -116 105 -2 122 89 19 -52 98 -105 54 -41 -7 33 
-101 -82 87 -26 -81 125 -94 46 54 51 -64 -96 69 51 -1 -62 104 -83 -106 117 4 59 -126 24 -51 -44 -70 -52 117 -83 42 -96 81 40 115 4 45 97 -32 87 9 116 -110 -23 -18 15 88 73 -91 114 40 59 109 116 -84 37 -117 -113 -20 87 -63 -79 126 -6 -112 -56 56 5 94 -75 -41 19 72 -77 -88 99 -55 -43 -120 -14 5 -93 87 -18 -42 -128 63 106 103 -27 -59 -83 -112 13 54 -35 -102 39 74 
-128 -60 -79 -124 -112 35 -3 65 -123 36 -108 3 44 99 123 -63 -89 19 -1 -20 91 -88 7 -6 72 4 -77 -4 124 -34 43 58 15 -119 91 71 -125 -13 -90 -119 -52 -11 32 -89 -16 -61 -123 -27 -121 -91 87 -54 -15 -73 109 38 -82 -25 93 -32 -107 -13 -3 125 90 -126 -128 -17 43 54 74 -115 -64 -41 24 -70 -66 77 -116 46 -72 -77 -69 87 -82 40 -39 -48 102 -86 -115 92 105 -106 15 113 13 39 -79 
-83 78 -106 -49 70 -14 16 -31 -23 -98 82 -88 -16 105 10 32 125 -100 -71 83 98 6 100 -117 83 -55 -83 28 94 -35 -98 74 29 60 -31 97 -106 -9 -115 -86 73 32 78 55 99 -41 34 71 -118 77 76 43 49 40 -40 106 13 4 70 40 114 -120 -79 112 68 -55 16 118 68 111 -30 102 88 93 -29 -30 -83 64 27 -72 53 -35 -17 -5 122 112 109 4 59 -6 -104 124 -61 -46 -47 15 -116 83 66 
-55 1 2 76 -42 -4 -11 -39 -107 -43 -17 -69 -63 -97 -19 -43 -93 98 -118 54 -6 -9 13 -2 -84 79 -118 28 -39 -56 -61 -62 95 102 93 -78 124 -127 15 34 -120 -49 52 112 123 76 -89 88 75 -12 38 -20 -74 -61 43 1 -110 -2 -125 82 74 52 -124 -4 -121 -13 58 -97 -86 -98 92 -38 57 117 104 83 -58 48 -67 -1 101 37 2 -19 104 -120 -57 78 80 -99 -101 -31 -88 116 -114 -118 -46 15 86 
71 113 110 21 66 111 -117 -18 34 71 -96 105 116 -87 -46 -31 69 13 -105 -36 -68 83 -30 -72 -38 -5 -108 93 43 30 13 121 -118 -77 121 -7 -60 58 -72 46 68 113 90 111 -116 24 -65 -115 -92 100 -86 -15 70 75 109 -57 -8 25 5 -5 -56 -111 35 115 -22 19 -83 80 -15 -17 -110 -103 -57 123 -118 23 65 -6 -104 -39 97 -7 -31 16 20 52 -60 -68 -98 -98 -91 -13 111 -105 115 26 -105 -1 92 
-20 -124 45 -111 -88 99 100 -69 53 -70 -32 -15 -94 -127 27 -56 -50 115 81 84 -106 -41 -19 -75 92 91 -28 6 77 98 -82 70 36 93 -36 25 -35 118 -13 -27 33 64 -93 72 -54 -87 -27 79 71 -37 44 118 87 86 49 -30 -43 -22 116 -53 -12 -52 28 -111 -40 -118 40 115 -63 9 -70 105 -64 73 99 1 59 44 57 -49 31 -24 -103 102 17 119 94 63 -124 -92 -113 -101 -2 -9 16 -56 111 56 -117 
-44 -28 -56 13 15 121 112 -117 103 -21 2 -63 11 -124 96 -80 76 -43 59 49 73 21 57 -65 53 98 -79 23 -30 -36 -59 -64 83 -31 12 15 5 65 121 -56 -79 -44 -51 -19 42 38 49 -42 54 -62 79 44 -31 -62 -126 -39 68 32 110 -121 59 -106 -79 -47 -11 87 -44 -89 -30 -110 81 21 -7 -8 -42 -8 -64 70 114 -75 27 -3 4 -100 83 69 124 -7 87 61 77 125 -100 -100 -89 11 -92 -14 -59 
-124 -89 107 10 -77 69 99 12 -29 -59 -90 96 63 -40 -76 86 -108 84 -24 83 -122 -25 -53 18 -32 46 119 118 5 48 97 48 29 -70 89 -30 41 -127 40 10 120 -101 -111 97 -79 52 26 -24 -17 -2 118 84 42 84 -33 41 92 -118 56 28 -98 87 94 11 -76 -21 110 58 73 -127 99 16 74 11 -35 4 -117 -34 110 4 81 -43 72 -8 -36 -26 -102 -88 105 -86 118 -71 -5 -70 -85 -10 78 114 68 
-94 43 2 55 7 -79 70 -27 -3 -104 108 -11 -98 40 -60 59 -33 -41 -49 33 75 67 -9 82 -105 -114 -29 15 54 -67 -18 -3 -54 49 -88 -49 -127 -49 -25 -113 44 -20 92 -5 80 -91 30 -75 -48 -95 37 -90 120 -17 59 116 39 10 69 92 -68 -105 102 67 -111 2 -1 93 -76 -114 -18 69 -107 -30 22 -41 94 -60 -96 -92 -67 5 -21 93 60 60 -81 12 4 112 58 109 28 60 74 72 -8 -112 124 
29 -123 -97 -58 -4 103 26 -25 -27 -77 74 107 125 -69 26 8 -120 75 -63 -18 -46 -15 7 5 34 -103 -43 113 -56 46 18 124 83 121 124 61 49 -8 -125 6 -118 -31 -62 14 66 12 58 76 107 2 -40 -2 7 -42 92 -48 99 23 80 27 2 -123 10 68 74 -60 103 -111 -24 -58 75 -110 52 34 126 121 117 24 12 113 89 102 -86 77 113 -58 71 -83 35 37 102 -17 -61 121 65 -2 84 61 106 
96 -84 117 -16 -112 87 91 -99 10 39 110 124 22 -89 37 34 -80 99 -6 -26 -105 89 -4 -106 -3 91 -81 -57 -63 -50 102 86 -74 -110 -41 51 -17 114 23 0 -125 -18 -57 -65 -59 -75 -109 -7 99 -75 -43 -95 112 9 120 39 -68 -89 -14 -11 -120 25 103 -58 2 53 -34 31 -122 9 -120 84 15 -26 1 79 -19 -23 -83 -86 14 -59 -32 36 4 59 35 42 11 6 54 106 54 -94 19 26 31 -68 -86 
7 18 -86 -120 12 67 -73 38 -11 -26 -77 23 122 -66 124 -50 103 4 -1 42 118 50 99 -104 18 -101 -37 -31 124 77 -47 -127 -121 59 -24 -100 100 25 -113 100 -69 -14 -118 32 122 -25 75 120 -85 10 111 100 -84 -32 51 90 27 104 63 -14 -33 56 -87 -49 126 -112 98 -19 96 -11 35 22 -10 57 -19 -68 125 102 42 -31 114 -102 -82 81 50 45 108 -22 -1 60 83 15 -5 -17 -2 44 27 -123 -66 
78 -52 -93 -77 -71 66 -53 100 -120 35 -124 -102 49 -112 29 -30 24 56 -103 -108 -37 126 -101 -94 -85 82 -20 24 85 -50 122 -88 60 58 85 4 -10 -122 -95 125 -56 -49 -22 -96 -67 23 -26 61 -121 -74 9 -77 -24 -94 -16 -67 -37 46 17 -63 48 82 -74 -44 -39 8 -87 101 -98 -19 -101 -47 105 -79 -80 -49 -4 105 47 -5 20 107 -48 90 -10 -71 -111 64 99 -94 -88 76 -52 -85 102 2 -16 87 -96 
-84 -90 -20 -126 -3 2 -68 83 63 -111 43 28 89 -32 -32 -94 -89 17 94 -71 -49 -84 -122 96 -104 93 34 -94 -11 -13 21 -90 53 48 63 4 -86 -49 -79 -72 -112 70 76 -74 -92 -79 99 -95 57 109 113 -114 21 -59 123 85 7 66 74 102 122 -3 -11 -113 -22 -123 -20 -67 -121 -76 18 45 -23 13 3 -16 43 -11 14 82 59 102 27 27 -59 104 -19 8 -121 2 -1 -100 104 -46 114 -106 54 19 62 
44 73 61 48 103 -5 0 -50 -92 71 -59 -65 -89 95 -128 -52 85 -101 -9 13 97 -118 73 98 15 -100 -36 -47 93 18 114 -52 -71 -78 -94 31 -123 -2 97 116 -108 90 -33 30 -10 -31 101 61 24 87 120 -45 -76 13 -18 -32 118 -7 47 28 -13 -7 99 113 -75 -121 -66 -66 10 -76 -102 5 107 -50 -87 -101 -2 -127 -20 110 42 -55 -96 2 -72 -106 -17 40 114 110 -123 39 -55 -12 -50 82 87 -103 22 
-79 -28 98 60 -43 -67 18 51 108 -24 -118 14 -85 54 -63 -59 36 -113 46 113 56 -120 -16 65 -112 -70 -112 -62 -36 -62 -66 -40 102 105 -37 2 -122 1 -95 52 -108 66 -51 -15 -128 -47 26 -24 -117 -62 108 -60 82 37 124 110 -72 11 -30 119 -61 -4 -43 -41 20 87 116 -50 -5 -99 -5 11 -40 5 -89 -31 -56 119 -70 -77 79 67 107 90 0 -95 23 -64 -52 102 -117 77 5 -9 -58 -110 -73 -44 17 
